1	2.4628794669927
2	.207702207460218
3	.637018346589435
4	.604568918679587
5	.089613688090434
6	.980825766311695
7	.132981538126002
8	.185891151248957
9	.319533991651312
10	.0145116042280175
11	.358313172975121
12	.11341618506666
13	.0385338110375071
14	.148565438284391
15	.0160517378442797
16	.0765435623634859
17	.0618455078185064
18	.0101832718054864
19	.0501102988300049
20	.022622572427121
21	.017878246233637
22	.0291955152530405
23	.0102629882961593
24	.0172599010632511
25	.0162951682143064
26	.00889045613270035
27	.0129717125828292
28	.0090445787185388
29	.00810496277936136
30	.00949104234429371
31	.00673873709090353
32	.0070169454510729
33	.00654293483651568
34	.00550274049699448
35	.00577597610736739
36	.00510653251296472
37	.00474654091280726
38	.00463917921672641
39	.00420783810665931
40	.00406916455037802
41	.00387277692763278
42	.00362505890016858
43	.00350224240391985
44	.00332462991522902
45	.00317251784235448
46	.00305690370888065
47	.00291986355936066
48	.00281149565966899
49	.0027097440179179
50	.00260605834776447
51	.0025193021638021
52	.00243349015315368
53	.00235368177292499
54	.00228175364073674
55	.00221145310790662
56	.00214704153318674
57	.00208662517993536
58	.00202917617270983
59	.00197592865218456
60	.00192541891393555
61	.00187784508443844
62	.00183321287855348
63	.00179093633809646
64	.00175113499282248
65	.00171357128163364
66	.0016780421984896
67	.0016445262475642
68	.00161283522420414
69	.00158287721646384
70	.00155457585376536
71	.00152781173440891
72	.00150252013504396
73	.0014786206269493
74	.00145603673008789
75	.00143471152636768
76	.00141457992962403
77	.00139558780190928
78	.00137768501477799
79	.00136082250026942
80	.00134495795602028
81	.00133005048851962
82	.00131606298167822
83	.00130296109960662
84	.00129071317741861
85	.00127929021056599
86	.00126866506214268
87	.00125881362126758
88	.00124971301276447
89	.00124134273267643
90	.00123368444577373
91	.00122672068256987
92	.0012204366802627
93	.00121481863617844
94	.00120985422403744
95	.00120553327534156
96	.00120184617261584
97	.00119878539409204
98	.001196344512789
99	.00119451814312506
100	.00119330281361484
101	.00119269569356951
102	.00119269569356951
103	.00119330281361484
104	.00119451814312506
105	.001196344512789
106	.00119878539409204
107	.00120184617261584
108	.00120553327534156
109	.00120985422403744
110	.00121481863617844
111	.0012204366802627
112	.00122672068256987
113	.00123368444577373
114	.00124134273267643
115	.00124971301276447
116	.00125881362126759
117	.00126866506214268
118	.00127929021056599
119	.00129071317741861
120	.00130296109960662
121	.00131606298167822
122	.00133005048851962
123	.00134495795602028
124	.00136082250026942
125	.001377685014778
126	.00139558780190928
127	.00141457992962403
128	.00143471152636768
129	.00145603673008789
130	.00147862062694931
131	.00150252013504396
132	.00152781173440891
133	.00155457585376536
134	.00158287721646384
135	.00161283522420414
136	.00164452624756421
137	.0016780421984896
138	.00171357128163364
139	.00175113499282248
140	.00179093633809646
141	.00183321287855347
142	.00187784508443844
143	.00192541891393555
144	.00197592865218456
145	.00202917617270983
146	.00208662517993536
147	.00214704153318674
148	.00221145310790662
149	.00228175364073674
150	.002353681772925
151	.00243349015315368
152	.0025193021638021
153	.00260605834776447
154	.0027097440179179
155	.00281149565966898
156	.00291986355936066
157	.00305690370888065
158	.00317251784235448
159	.00332462991522902
160	.00350224240391984
161	.00362505890016858
162	.00387277692763278
163	.00406916455037802
164	.00420783810665931
165	.00463917921672641
166	.00474654091280726
167	.00510653251296472
168	.00577597610736738
169	.00550274049699448
170	.00654293483651568
171	.0070169454510729
172	.00673873709090353
173	.00949104234429371
174	.00810496277936136
175	.0090445787185388
176	.0129717125828292
177	.00889045613270035
178	.0162951682143064
179	.0172599010632511
180	.0102629882961593
181	.0291955152530405
182	.017878246233637
183	.022622572427121
184	.050110298830005
185	.0101832718054864
186	.0618455078185064
187	.0765435623634859
188	.0160517378442797
189	.148565438284391
190	.0385338110375071
191	.11341618506666
192	.358313172975121
193	.0145116042280175
194	.319533991651312
195	.185891151248957
196	.132981538126002
197	.980825766311694
198	.089613688090434
199	.604568918679587
200	.637018346589435
201	.207702207460218
